250 
280 
313 
356 
431 
478 
517 
522 
579 
600 
674 
715 
861 
864 
893 
898 
988 
1005 
1006 
1033 
1057 
1126 
1134 
1165 
1167 
1189 
1209 
1264 
1265 
1483 
1609 
1716 
1745 
1784 
1798 
1807 
1809 
1820 
1826 
1853 
1902 
1928 
2046 
2156 
2266 
2402 
2403 
2427 
2432 
2473 
2691 
2873 
2938 
2983 
2999 
3086 
3114 
3120 
3151 
3209 
3260 
3289 
3330 
3375 
3378 
3466 
3499 
3512 
3683 
3883 
3891 
3991 
4025 
4160 
4237 
4262 
4340 
4383 
4397 
4427 
4514 
4570 
4578 
4610 
4632 
4654 
4668 
4723 
4870 
4901 
4959 
4986 
5009 
5069 
5072 
5133 
5155 
5163 
5178 
5183 
5218 
5235 
5282 
5344 
5357 
5370 
5521 
5553 
5647 
5746 
5802 
5982 
5996 
6110 
6346 
6412 
6416 
6437 
6439 
6478 
6543 
6549 
6576 
6706 
6756 
6773 
6830 
6835 
6837 
6842 
6875 
6914 
6953 
6965 
7093 
7106 
7137 
7210 
7284 
7287 
7368 
7377 
7448 
7459 
7565 
7566 
7580 
7615 
7702 
7754 
7860 
7894 
7901 
8054 
8079 
8150 
8182 
8275 
8310 
8325 
8582 
8681 
8697 
8700 
8716 
8784 
8795 
8798 
8879 
9030 
9038 
9077 
9165 
9208 
9214 
9233 
9233 
9302 
9312 
9364 
9400 
9487 
9493 
9628 
9644 
9685 
9698 
9763 
9764 
9766 
9795 
9805 
9814 
9980 
10037 
10077 
10141 
10147 
10166 
10186 
10270 
10313 
10327 
10352 
10354 
10355 
10377 
10393 
10396 
10455 
10474 
10504 
10518 
10521 
10556 
10774 
10949 
11051 
11112 
11120 
11152 
11211 
11329 
11355 
11427 
11434 
11473 
11503 
11615 
11677 
11702 
11745 
11795 
11894 
11912 
11983 
12000 
12012 
12030 
12102 
12124 
12153 
12206 
12254 
12261 
12317 
12340 
12347 
12420 
12450 
12465 
12690 
12694 
12845 
12964 
13062 
13076 
13095 
13129 
13166 
13206 
13238 
13311 
13405 
13424 
13431 
13483 
13491 
13492 
13541 
13659 
13674 
13708 
13787 
13838 
13896 
13900 
13912 
13933 
13997 
14014 
14177 
14183 
14186 
14216 
14251 
14298 
14504 
14591 
14652 
14677 
14683 
14767 
14808 
14813 
14860 
14861 
14876 
14887 
14902 
14963 
14968 
14991 
15059 
15134 
15135 
15169 
15195 
15254 
15279 
15297 
15345 
15375 
15380 
15470 
15489 
15544 
15688 
15760 
15807 
15816 
15982 
15992 
16022 
16046 
16047 
16087 
16112 
16130 
16206 
16241 
16507 
16560 
16591 
16651 
16696 
16726 
16737 
16780 
16897 
16983 
17010 
17042 
17053 
17151 
17247 
17316 
17341 
17344 
17424 
17477 
17493 
17508 
17746 
17817 
17834 
17880 
18008 
18056 
18081 
18086 
18125 
18154 
18292 
18305 
18313 
18317 
18429 
18440 
18465 
18479 
18591 
18603 
18639 
18683 
18720 
18775 
18811 
18840 
18852 
18855 
18923 
19004 
19027 
19055 
19099 
19116 
19162 
19166 
19200 
19224 
19230 
19250 
19295 
19361 
19456 
19460 
19469 
19494 
19511 
19538 
19582 
19586 
19651 
19677 
19702 
19716 
19760 
19780 
19795 
19844 
19870 
19931 
20003 
20074 
20080 
20163 
20367 
20460 
20463 
20580 
20604 
20696 
20726 
20813 
20840 
20844 
20917 
21040 
21187 
21231 
21236 
21244 
21258 
21366 
21426 
21437 
21528 
21748 
21757 
21790 
21806 
21819 
21833 
21896 
21934 
21966 
22014 
22015 
22092 
22171 
22218 
22275 
22286 
22298 
22415 
22486 
22561 
22680 
22762 
22784 
22934 
22943 
23010 
23052 
23053 
23089 
23108 
23181 
23230 
23295 
23299 
23339 
23423 
23445 
23484 
23527 
23585 
23852 
23860 
23883 
23920 
24009 
24075 
24150 
24281 
24286 
24343 
24360 
24379 
24423 
24464 
24468 
24561 
24571 
24575 
24593 
24685 
24715 
24781 
24799 
24843 
24855 
24861 
24989 
25239 
25317 
25361 
25363 
25428 
25455 
25466 
25652 
25668 
25691 
25695 
25838 
25838 
25895 
25925 
25946 
26037 
26079 
26101 
26134 
26236 
26280 
26377 
26475 
26484 
26628 
26705 
26912 
27035 
27093 
27095 
27144 
27147 
27152 
27237 
27318 
27595 
27625 
27650 
27810 
28053 
28174 
28186 
28205 
28260 
28301 
28348 
28349 
28453 
28481 
28540 
28595 
28650 
28795 
28847 
28890 
28929 
28946 
28980 
29141 
29153 
29208 
29322 
29352 
29361 
29364 
29365 
29399 
29470 
29474 
29561 
29562 
29574 
29595 
29725 
29794 
29813 
29819 
29970 
30161 
30213 
30259 
30347 
30396 
30405 
30446 
30513 
30613 
30646 
30655 
30658 
30659 
30674 
30747 
30923 
30960 
31056 
31068 
31237 
31272 
31290 
31305 
31323 
31339 
31407 
31467 
31471 
31494 
31520 
31671 
31694 
31751 
31756 
31819 
31820 
31823 
31824 
32055 
32069 
32080 
32094 
32154 
32156 
32181 
32231 
32376 
32434 
32439 
32458 
32536 
32546 
32570 
32574 
32575 
32583 
32589 
32780 
32926 
33037 
33146 
33188 
33222 
33231 
33248 
33312 
33317 
33429 
33436 
33441 
33469 
33493 
33497 
33612 
33630 
33678 
33733 
33742 
33750 
33778 
33802 
33822 
33891 
33902 
33936 
33936 
34033 
34213 
34222 
34264 
34374 
34400 
34421 
34515 
34517 
34524 
34559 
34581 
34636 
34662 
34666 
34708 
34801 
34837 
34856 
34859 
34871 
34873 
34885 
34969 
34999 
35019 
35047 
35086 
35134 
35167 
35178 
35187 
35192 
35233 
35292 
35335 
35389 
35485 
35508 
35535 
35641 
35651 
35658 
35667 
35679 
35686 
35701 
35707 
35745 
35898 
35973 
36002 
36053 
36072 
36108 
36141 
36491 
36524 
36571 
36609 
36649 
36656 
36700 
36738 
36764 
36770 
36870 
36914 
36969 
37049 
37050 
37121 
37291 
37332 
37423 
37465 
37473 
37609 
37669 
37682 
37711 
37770 
37829 
37893 
37894 
37908 
37981 
38003 
38041 
38308 
38339 
38343 
38352 
38414 
38483 
38589 
38640 
38723 
38773 
38800 
38822 
38887 
38907 
38973 
39018 
39022 
39064 
39099 
39181 
39415 
39420 
39451 
39458 
39461 
39559 
39590 
39625 
39651 
39672 
39686 
39792 
39886 
39912 
39960 
40031 
40086 
40133 
40224 
40260 
40270 
40445 
40522 
40556 
40667 
40686 
40732 
40735 
40767 
40791 
40947 
41018 
41141 
41185 
41303 
41314 
41361 
41369 
41503 
41538 
41541 
41567 
41596 
41621 
41730 
41746 
41778 
41960 
41977 
42011 
42061 
42104 
42203 
42290 
42407 
42492 
42550 
42588 
42649 
42709 
42717 
42732 
42744 
42777 
42801 
42836 
42883 
42939 
43048 
43164 
43167 
43176 
43220 
43232 
43241 
43282 
43298 
43310 
43349 
43370 
43373 
43454 
43464 
43495 
43584 
43606 
43643 
43696 
43701 
43829 
43903 
43913 
43926 
44137 
44303 
44370 
44377 
44383 
44474 
44495 
44505 
44544 
44601 
44680 
44713 
44743 
44766 
44771 
44795 
44834 
44871 
44912 
45125 
45334 
45406 
45417 
45431 
45447 
45485 
45524 
45549 
45559 
45573 
45578 
45579 
45580 
45613 
45698 
45706 
45859 
45877 
45969 
45977 
45993 
46102 
46116 
46117 
46135 
46162 
46189 
46219 
46249 
46386 
46399 
46426 
46515 
46604 
46723 
46806 
46811 
46853 
46872 
46893 
46917 
46989 
47094 
47104 
47149 
47175 
47288 
47342 
47397 
47433 
47510 
47656 
47744 
47838 
47859 
47893 
47896 
47926 
48044 
48067 
48081 
48220 
48223 
48391 
48450 
48470 
48471 
48518 
48585 
48613 
48658 
48698 
48704 
48771 
48802 
48818 
48820 
48848 
48864 
48933 
49038 
49119 
49243 
49289 
49336 
49356 
49606 
49608 
49776 
49783 
49814 
49923 
49933 
49989 
50002 
50030 
50040 
50177 
50235 
50236 
50347 
50360 
50373 
50388 
50417 
50440 
50519 
50554 
50629 
50633 
50697 
50722 
50822 
50843 
50882 
50904 
50908 
50935 
50939 
50981 
51061 
51104 
51181 
51288 
51361 
51394 
51436 
51461 
51514 
51706 
51734 
51792 
51941 
52018 
52147 
52157 
52161 
52166 
52210 
52285 
52298 
52398 
52426 
52428 
52448 
52450 
52461 
52490 
52562 
52599 
52709 
52726 
52750 
52784 
52810 
52833 
52836 
52872 
52927 
52930 
53030 
53143 
53158 
53276 
53365 
53396 
53459 
53537 
53629 
53629 
53699 
53716 
53725 
53816 
53818 
53846 
53853 
53909 
53945 
54137 
54179 
54193 
54228 
54296 
54306 
54315 
54444 
54455 
54460 
54513 
54701 
54751 
54846 
54907 
55090 
55116 
55119 
55142 
55175 
55177 
55214 
55231 
55299 
55386 
55464 
55480 
55492 
55536 
55722 
55747 
55803 
55818 
55891 
55936 
56049 
56089 
56150 
56185 
56223 
56424 
56538 
56551 
56557 
56653 
56656 
56708 
56750 
56766 
56770 
56772 
56781 
56873 
56913 
56951 
56997 
57000 
57091 
57107 
57295 
57468 
57491 
57600 
57676 
57791 
58060 
58069 
58070 
58156 
58176 
58232 
58271 
58369 
58406 
58627 
58703 
58710 
58798 
58820 
58867 
58870 
58970 
58986 
59022 
59097 
59177 
59342 
59406 
59517 
59534 
59673 
59674 
59686 
59690 
59891 
59896 
59928 
59945 
60018 
60092 
60097 
60142 
60145 
60200 
60206 
60213 
60217 
60241 
60319 
60354 
60507 
60520 
60567 
60575 
60670 
60742 
60754 
60757 
60759 
60798 
60819 
60840 
60877 
61004 
61146 
61216 
61223 
61290 
61320 
61358 
61388 
61466 
61549 
61554 
61557 
61639 
61650 
61669 
61774 
61834 
62122 
62141 
62188 
62322 
62325 
62372 
62402 
62426 
62473 
62495 
62540 
62573 
62586 
62694 
62721 
62788 
62796 
62831 
62871 
62937 
63002 
63027 
63097 
63150 
63152 
63178 
63202 
63230 
63279 
63331 
63461 
63464 
63564 
63623 
63744 
63748 
63931 
63983 
64230 
64247 
64340 
64430 
64437 
64461 
64463 
64507 
64565 
64604 
64620 
64677 
64695 
64815 
64826 
64939 
64944 
64984 
65007 
65069 
65337 
65410 
65415 
65460 
65463 
65506 
65551 
65569 
65621 
65636 
65656 
65775 
65782 
65802 
65879 
65889 
65890 
65957 
65985 
66020 
66032 
66074 
66084 
66143 
66193 
66239 
66276 
66375 
66570 
66656 
66668 
66706 
66728 
66729 
66757 
66853 
66871 
66881 
66919 
66920 
67001 
67073 
67102 
67146 
67272 
67370 
67394 
67404 
67420 
67612 
67642 
67669 
67670 
67788 
67831 
67883 
67892 
67907 
67912 
67926 
67936 
67972 
67982 
67987 
68010 
68089 
68113 
68141 
68332 
68396 
68445 
68483 
68529 
68674 
68679 
68719 
68752 
68754 
68835 
68927 
69031 
69061 
69120 
69191 
69265 
69277 
69282 
69326 
69379 
69385 
69529 
69560 
69660 
69666 
69712 
69713 
69738 
69794 
69872 
69926 
69946 
69980 
70022 
70030 
70087 
70120 
70140 
70162 
70362 
70448 
70481 
70560 
70577 
70637 
70683 
70713 
70719 
70725 
70846 
70920 
70984 
71062 
71180 
71366 
71370 
71371 
71404 
71409 
71493 
71503 
71506 
71576 
71616 
71637 
71684 
71732 
71758 
71787 
71864 
71882 
71906 
71940 
71942 
71950 
72067 
72094 
72201 
72207 
72217 
72305 
72355 
72422 
72481 
72511 
72528 
72551 
72564 
72581 
72618 
72629 
72665 
72693 
72718 
72761 
72780 
72845 
72880 
72948 
73019 
73020 
73025 
73051 
73069 
73301 
73327 
73348 
73366 
73411 
73474 
73482 
73521 
73524 
73527 
73576 
73611 
73639 
73679 
73691 
73731 
73783 
73804 
73820 
73830 
73848 
73910 
73917 
73966 
73992 
74003 
74046 
74073 
74094 
74120 
74161 
74201 
74206 
74212 
74381 
74407 
74562 
74633 
74634 
74736 
74910 
74995 
75053 
75081 
75156 
75179 
75204 
75238 
75305 
75362 
75474 
75496 
75521 
75603 
75645 
75686 
75702 
75804 
75810 
75844 
75861 
75903 
75960 
76032 
76040 
76057 
76134 
76182 
76198 
76251 
76282 
76304 
76381 
76385 
76558 
76565 
76624 
76652 
76654 
76678 
76728 
76827 
76831 
76862 
77072 
77089 
77100 
77141 
77264 
77278 
77300 
77303 
77351 
77387 
77432 
77571 
77603 
77604 
77626 
77629 
77635 
77636 
77639 
77654 
77729 
77736 
77779 
77833 
77860 
77950 
77989 
78000 
78047 
78052 
78119 
78207 
78284 
78298 
78355 
78382 
78390 
78427 
78520 
78590 
78700 
78707 
78731 
78756 
78794 
78802 
78919 
78929 
79104 
79402 
79480 
79482 
79513 
79568 
79585 
79604 
79632 
79675 
79744 
79841 
79843 
79900 
79976 
80012 
80076 
80076 
80157 
80192 
80295 
80323 
80345 
80357 
80521 
80526 
80536 
80537 
80578 
80589 
80732 
80894 
80898 
80918 
81076 
81119 
81131 
81185 
81247 
81324 
81366 
81540 
81542 
81627 
81667 
81704 
81854 
81913 
81968 
81987 
81989 
82003 
82146 
82261 
82490 
82533 
82611 
82670 
82680 
82713 
82721 
82759 
82779 
82807 
82809 
82903 
82923 
82938 
82967 
83020 
83023 
83078 
83103 
83145 
83205 
83227 
83252 
83379 
83541 
83599 
83610 
83627 
83631 
83723 
83771 
83819 
83927 
83943 
84000 
84031 
84116 
84147 
84158 
84204 
84240 
84322 
84327 
84530 
84533 
84568 
84606 
84626 
84685 
84793 
84901 
85054 
85062 
85113 
85117 
85128 
85134 
85149 
85162 
85202 
85213 
85239 
85253 
85290 
85320 
85359 
85374 
85393 
85444 
85735 
85766 
85773 
85815 
85884 
85904 
85914 
85940 
86008 
86078 
86103 
86106 
86111 
86200 
86246 
86308 
86353 
86388 
86482 
86490 
86513 
86592 
86629 
86663 
86765 
86789 
86818 
86844 
86849 
86868 
86903 
86950 
86957 
86990 
87018 
87061 
87169 
87266 
87333 
87346 
87358 
87362 
87417 
87424 
87426 
87537 
87584 
87605 
87652 
87671 
87676 
87754 
87789 
87853 
87872 
87889 
87895 
87905 
87988 
87996 
87998 
88069 
88102 
88128 
88146 
88204 
88221 
88221 
88280 
88316 
88344 
88393 
88402 
88486 
88578 
88611 
88622 
88640 
88692 
88752 
88762 
88803 
88824 
88828 
88843 
88900 
88926 
89024 
89134 
89146 
89188 
89242 
89265 
89412 
89422 
89432 
89484 
89528 
89603 
89696 
89732 
89742 
89762 
89802 
89885 
89888 
89923 
90090 
90109 
90246 
90271 
90460 
90596 
90617 
90675 
90680 
90725 
90788 
90788 
90793 
90933 
90949 
91055 
91084 
91110 
91123 
91158 
91188 
91198 
91254 
91304 
91308 
91380 
91401 
91524 
91603 
91768 
91780 
91823 
91824 
91857 
91862 
91878 
91912 
91945 
92019 
92094 
92164 
92261 
92264 
92434 
92438 
92594 
92680 
92768 
92812 
92819 
92863 
92868 
92887 
92901 
92929 
92935 
92942 
93054 
93117 
93200 
93270 
93272 
93282 
93298 
93312 
93358 
93359 
93392 
93400 
93416 
93687 
93691 
93712 
93810 
93993 
94083 
94108 
94191 
94265 
94303 
94333 
94351 
94403 
94404 
94406 
94446 
94477 
94592 
94678 
94826 
94864 
94972 
95134 
95165 
95183 
95296 
95323 
95434 
95540 
95591 
95593 
95619 
95634 
95636 
95649 
95703 
95715 
95765 
95813 
95992 
96166 
96190 
96338 
96363 
96391 
96393 
96413 
96527 
96573 
96583 
96665 
96739 
96767 
96780 
96815 
96821 
96905 
96913 
97051 
97101 
97108 
97122 
97230 
97289 
97369 
97381 
97415 
97442 
97449 
97473 
97480 
97529 
97554 
97555 
97572 
97643 
97664 
97678 
97695 
97697 
97769 
97830 
97910 
97981 
97997 
98027 
98029 
98040 
98110 
98401 
98442 
98512 
98630 
98631 
98687 
98693 
98762 
98810 
98869 
98917 
98922 
98930 
99075 
99190 
99220 
99283 
99288 
99298 
99357 
99429 
99469 
99480 
99497 
99527 
99553 
99576 
99594 
99645 
99754 
99787 
99804 
99854 
99894 
99924 
99955 
99956 
