56707
17996
8657
39273
95752
15596
83552
38735
80716
80339
84396
976
512
48281
71951
33427
61319
77234
45763
87011
55987
87755
98893
22876
8140
29346
47800
51541
64431
706
573
59593
82515
97818
91134
12132
69735
99321
73586
30535
9591
56425
67450
68025
4205
51941
52658
71370
32915
73591
74500
57764
83383
4563
17846
63184
7048
10922
65219
25410
61277
77963
80455
20163
30837
51996
9940
67513
69177
19761
21186
30229
3709
98951
70788
1592
22853
9696
87445
98498
3044
95227
26416
79353
83456
91919
69823
65683
3602
85540
3596
48641
93705
84846
28915
95032
71726
13510
3128
6876
63489
68839
86997
20075
91011
16930
90860
99331
71053
97247
59195
40753
69438
76913
70093
16247
40402
53044
19596
82745
65261
34149
3029
63749
15351
66974
40996
64380
45089
63500
7118
88833
14725
82223
94958
91453
27500
39982
80983
68749
68138
85781
50408
18153
8163
24780
28925
54257
13905
44149
94818
58965
71325
87009
32258
47586
37163
57679
87646
52068
21746
88194
74810
11197
18216
43262
93873
44288
5021
56063
50792
7018
37982
58070
81504
39614
96890
50241
90917
5915
1793
70598
53636
92893
42471
30828
48473
61292
8776
76854
92262
91204
24358
87228
26975
84258
67982
83239
11810
49992
38009
50825
70917
61870
25646
30871
93768
34789
21765
64581
57257
27049
14726
54076
46870
11170
22063
70202
541
21431
40468
8902
91967
36016
55713
11662
82531
20774
81819
41791
32582
3401
7525
15584
57392
22957
38079
18540
75363
37714
93384
35786
71501
90159
48772
96234
58716
57307
120
93982
95473
34135
14418
38099
92749
74427
3238
35147
25864
98940
36691
27417
66944
36342
2501
18552
59406
61596
34355
50119
97397
56537
11784
87813
7668
83458
41087
11461
11195
58266
25543
79598
61146
3265
69254
48594
9332
17754
50874
23977
65618
25720
45563
34377
43988
18308
18268
33988
30563
31789
70800
43998
76706
27757
24169
31274
57187
30228
48635
7072
12534
87444
91807
4189
25083
50632
95924
96279
82553
27585
34464
72986
99719
40462
28181
77924
31847
73479
52302
63546
16051
21526
81176
56165
32335
42083
64366
77
36382
70331
66620
32624
34705
25596
29157
40862
67482
59295
35776
78004
79583
87075
35325
71156
71849
18866
90598
85917
78588
30130
89952
66476
25217
49002
13649
14959
99551
69262
35963
6913
78345
96618
51718
25704
18544
14375
52028
63655
92185
14461
73614
92799
73546
87413
2868
53193
97693
82648
47698
8777
47831
4634
38326
34864
38290
90877
31741
31312
41335
21828
11765
84572
98183
661
15837
77788
77208
77001
47561
37610
24733
81907
34850
96652
38686
48010
66346
46222
88295
76853
5405
53115
9148
87026
15571
73944
27434
71811
24898
97373
82809
19702
40448
13393
22526
57040
77510
63873
74380
64245
70288
82972
26474
18614
59392
67534
73984
66327
90115
51511
72107
54748
18603
64519
23184
57392
6556
12985
99373
6161
66690
24137
41259
89947
36831
69139
8752
67887
16515
6634
68113
83904
90484
42737
99268
4571
46925
31289
78803
32240
85314
54008
46860
26593
57793
54146
79670
54757
22996
86663
85055
13530
48035
2057
13680
87493
99479
89720
48610
13287
2489
22603
31305
55582
70713
73373
44622
4884
62571
63170
85915
94056
48715
21637
1200
36120
71585
21631
66642
62344
46336
14294
32643
72017
74408
2544
78157
83721
59083
62322
41431
10986
59469
53817
1338
32610
92260
71604
44238
38615
63007
84828
15741
83413
74339
26738
46009
66293
3216
7347
74313
43435
91427
67802
47550
28972
5365
47730
67236
55898
68640
62102
69973
47374
55361
61352
24583
225
27993
26250
27686
59671
17549
2364
38908
62888
92238
75506
15500
5484
23027
39089
28254
42659
22146
1063
54036
80254
76301
10436
55131
33773
46425
62232
13150
36006
60058
91754
31957
37103
81467
20595
97978
79016
15097
7125
23548
63320
98287
96059
79884
10226
47660
91758
10069
74371
85920
2576
71145
76187
76982
27673
2454
75958
56987
28204
8567
65638
79421
87126
89223
91519
88814
45346
89552
97054
82408
17563
94689
43831
25610
63423
93215
93786
40641
94301
7378
90912
14658
27755
39136
63320
28659
95302
29239
3465
28585
34438
23012
39331
90604
49853
80225
18982
54167
27533
87914
13806
24700
34787
25552
78042
56068
35988
20103
15096
99668
11282
14810
19726
99307
36298
65918
49095
87144
79998
29156
15865
10536
63258
68968
53999
2317
1941
48519
98008
13274
2694
14413
80074
73818
86336
40940
57332
28097
10636
46665
73376
78123
42786
17136
84129
77984
9187
36551
22462
91641
39413
30240
62714
65116
95356
30985
38336
34658
882
53693
62088
16186
53955
87133
91816
26023
3783
38073
42298
97188
91228
53992
84870
40456
97056
58008
74700
30437
54408
44639
30096
41418
98016
94928
46658
83016
13440
36169
14824
7537
48230
55272
91563
36252
28982
16094
29275
56517
86667
52220
13024
92722
57528
59498
3646
849
46880
36119
18788
4316
92302
86794
6673
1887
29234
50262
18275
656
15609
71021
52829
12188
54728
74827
19796
81827
3700
7283
4727
5370
49312
54232
31065
96622
12884
39025
71677
66824
62487
7087
88060
15084
96937
93451
80885
20283
58688
59288
82482
8345
9213
40504
94834
95049
81769
38507
17497
85236
76721
33698
85808
21928
6811
43825
5914
125
3428
13058
45685
95059
8056
12774
393
41239
82509
93831
48080
70756
61149
37082
31266
42055
45246
87920
42940
90139
88479
79531
42284
76210
61473
98861
12987
98869
91055
94891
34807
15074
28604
66529
87868
37685
82040
49024
28991
29666
13070
78882
55127
76350
40221
24318
57160
98749
35121
79031
49325
45557
75262
70159
64513
67170
54328
56
27210
33923
75121
90891
16195
48866
6864
32722
82437
17137
88394
26239
87601
12656
57280
85792
956
29579
70933
74666
54680
55455
91626
92274
17914
84029
12824
68347
9293
90279
71498
2281
71571
91928
42164
99700
36563
81088
1875
76184
50628
7853
86211
86633
90260
98565
33783
27652
63797
51536
92344
65121
57221
91762
17661
91461
93656
55670
388
53619
91108
77158
78282
44610
23273
16567
46317
54890
29019
5697
85659
90680
7885
30156
84726
48898
5372
12518
50663
62932
49749
2417
79419
85576
9092
67002
2814
71859
63002
43043
78547
65052
82874
92259
17902
39049
79488
40547
19982
56338
58062
42185
94938
10614
1269
49
33079
54828
80540
