27439
72385
64907
5122
73819
93396
21996
33009
17999
79083
66474
32304
73168
42997
8656
4916
98066
97497
95861
23557
11103
86799
80309
18018
14519
59
45150
82225
66288
34119
52545
77127
99647
82779
90120
55216
35855
83004
65959
37916
28494
90590
14187
35239
18728
25959
15375
83075
18186
84578
45805
77475
29672
31709
56433
37862
27675
30335
83849
63870
87970
15401
14777
72125
59657
64584
88172
58107
78983
28244
14084
455
7777
5321
25714
20423
20716
18271
54817
51245
752
84456
54061
10008
12200
84677
39057
41540
73957
11365
22494
62415
84850
21692
82695
35049
18035
18395
28921
62487
486
57618
15465
17060
76172
44223
36005
56165
10849
97105
95212
43751
42182
55454
38425
84184
35296
44093
48538
48590
56666
76448
52768
97880
67973
13554
22511
53439
18431
79529
7221
81784
92529
56680
97880
65609
95347
18932
67815
21013
92874
56049
62386
3558
52306
38776
41238
36950
60310
39895
57040
57370
89596
90693
33171
33356
63582
57472
70965
73267
7603
87045
57091
45585
63820
37451
40853
98153
23130
18461
30013
52298
19820
7026
39352
55133
37270
63467
73191
96359
36814
79624
96471
62331
91600
31463
49148
72607
66338
42106
71165
97881
3153
3812
76968
63639
47802
3792
1094
63800
14085
87725
58633
19129
56747
37226
44930
21215
18392
56970
41008
20606
61643
26756
40659
98149
83355
95098
57950
199
28820
89652
91082
83526
80703
25657
95271
97085
78815
85385
72397
29354
49816
94457
33713
27062
68938
32043
72852
94499
61467
48394
17173
42257
62354
38687
7367
59436
13695
79283
94653
42454
49273
67650
73441
13516
11615
59800
94212
73080
85600
24299
28751
62803
62199
86068
59001
10740
91821
24107
40721
53210
54594
13854
6107
65138
34342
38893
65368
63653
69922
79110
61021
56480
77396
97784
31782
99809
36503
59670
57571
21116
23841
26378
34608
49159
35398
83954
97315
61992
77273
37244
84991
97017
47411
96282
37925
68309
4268
81442
95946
24194
70502
38661
77411
19899
85674
50666
67228
63224
54698
8870
9417
7452
40517
65210
40244
18203
37289
87880
54325
25766
72594
91123
16736
96021
24369
98131
93239
11759
47144
66034
77696
64793
56209
18182
15634
14041
58750
50187
76713
77541
98556
83548
62329
87469
10001
71054
42399
53634
42244
48618
34322
82465
41275
68132
54264
90880
86591
35964
4598
32820
11485
63633
21984
47869
96358
49469
78510
13518
97397
16689
143
21181
9264
9197
21975
39779
52904
50332
64596
99664
54395
16074
42526
18254
18329
73635
32877
56976
69667
82410
70725
9720
81775
74386
19116
5826
62664
72253
13212
98192
9715
85102
42675
61938
99372
30445
99303
38385
59374
44790
84504
98073
36722
59454
10334
76097
38223
25764
27937
3352
35424
53648
65640
85038
67235
96139
82345
55484
83613
27994
83870
36913
64091
45560
84985
16602
92915
28110
99214
19180
13385
68402
33807
88113
38733
10074
19925
14893
66562
54939
69562
35692
34234
610
11523
54411
27900
59822
53530
84639
99144
16425
63515
99333
13041
93569
3236
41735
92521
94535
31311
2728
19578
85826
75932
38764
33744
59857
15335
49351
51541
98332
54265
86785
41300
29365
93627
66082
6879
57201
90277
50688
28556
9501
52564
1122
31642
66174
58810
50287
73170
76297
48079
78680
82056
66716
39941
60191
85568
727
94649
47011
31981
56890
31877
78313
26996
59805
59059
34760
87344
53734
98380
18673
42511
79050
31119
62777
6714
91459
99613
75717
64561
40618
70544
11889
18421
16178
99564
78365
75743
83201
10670
6004
81485
45419
38465
33786
6845
60684
86543
82673
21106
42850
27508
98824
60820
79941
88751
67265
58836
71204
12914
12893
16748
60093
75960
28391
93061
81081
26646
59962
60178
3298
48938
73615
21754
86977
39120
53607
70835
92152
62068
80465
96394
34393
79489
36088
5279
32481
57272
82188
82412
27829
57052
39212
17894
19223
22026
37549
69341
81573
18663
80298
68094
72174
95985
78280
44983
87762
33111
28707
43322
57333
54436
13403
80987
53663
30775
66453
80180
25747
33582
48079
83976
86378
44673
26948
93411
41163
18667
19608
46432
53034
71714
76129
34149
32314
74248
4274
1641
36176
17946
63493
40502
43158
14949
98371
35369
40040
51161
76211
22327
87438
23734
45694
5833
66071
4835
74203
60999
68974
99869
65756
33299
29596
9356
74195
34508
89145
45202
28898
46388
624
34044
53694
23883
6735
95227
91583
17594
54312
51148
28007
46027
23719
11667
65900
13365
61615
45703
56004
81526
65203
77670
98060
72730
19854
71369
55573
59864
21920
62803
82219
53147
16902
50083
42723
85917
47189
85384
14369
60047
22066
76500
73475
75830
76529
81865
54798
71440
15848
65297
28595
49461
20686
14442
27453
18872
26038
96733
44825
8747
28258
15279
58626
68194
43494
47185
14697
62448
43163
74130
87934
54287
34844
16981
63485
21403
67232
15741
81559
46109
47540
93636
4828
46438
10612
8139
91586
66705
22662
11820
69557
48619
64308
64395
98107
99694
37284
25547
47715
62857
41205
94621
17001
71291
1816
74866
65096
42046
74089
58290
46909
48257
72424
33894
80851
16142
27096
46799
47089
16778
91220
14681
61116
66426
33033
91306
33802
81731
97172
93557
40292
43370
89688
57643
33367
44506
28412
35057
90584
36995
47007
11308
61489
37120
44793
67641
37677
55153
77263
10585
72507
75527
20018
80905
5570
35998
4597
70704
96706
20068
29993
97586
79810
14424
31160
5154
22940
2766
12762
74836
84129
7119
70582
76752
37834
94684
75961
93698
4732
72275
57836
75790
80375
74507
39925
32864
8795
58554
66637
37090
17464
81590
697
16040
49521
23895
50919
67493
94443
64123
48967
44416
69624
44292
68195
95840
62906
14684
89661
14724
53014
80184
76996
13552
87127
41563
90673
46882
40764
69105
72036
81219
85311
60
51991
94073
97699
25323
49435
8248
47961
99686
33719
3480
74383
39335
50618
3714
69782
93282
39833
86341
17518
93925
20041
45253
73904
74554
10491
40147
93943
50569
87663
65719
5996
5434
95670
93513
74285
22009
78536
5504
87034
72818
81630
59330
79388
21404
7566
12538
75441
34354
77921
37895
10904
72412
13266
39793
8981
99724
3461
28246
73730
46469
353
27491
96723
38678
4235
48862
17092
96099
44833
53440
96001
32004
40144
64800
10834
63111
76467
79338
62976
74705
86344
33743
21160
34082
97040
83894
91900
99927
13859
64336
66512
