49
56
59
60
77
120
125
143
199
225
353
388
393
455
486
512
541
573
610
624
656
661
697
706
727
752
849
882
956
976
1063
1094
1122
1200
1269
1338
1592
1641
1793
1816
1875
1887
1941
2057
2281
2317
2364
2417
2454
2489
2501
2544
2576
2694
2728
2766
2814
2868
3029
3044
3128
3153
3216
3236
3238
3265
3298
3352
3401
3428
3461
3465
3480
3558
3596
3602
3646
3700
3709
3714
3783
3792
3812
4189
4205
4235
4268
4274
4316
4563
4571
4597
4598
4634
4727
4732
4828
4835
4884
4916
5021
5122
5154
5279
5321
5365
5370
5372
5405
5434
5484
5504
5570
5697
5826
5833
5914
5915
5996
6004
6107
6161
6556
6634
6673
6714
6735
6811
6845
6864
6876
6879
6913
7018
7026
7048
7072
7087
7118
7119
7125
7221
7283
7347
7367
7378
7452
7525
7537
7566
7603
7668
7777
7853
7885
8056
8139
8140
8163
8248
8345
8567
8656
8657
8747
8752
8776
8777
8795
8870
8902
8981
9092
9148
9187
9197
9213
9264
9293
9332
9356
9417
9501
9591
9696
9715
9720
9940
10001
10008
10069
10074
10226
10334
10436
10491
10536
10585
10612
10614
10636
10670
10740
10834
10849
10904
10922
10986
11103
11170
11195
11197
11282
11308
11365
11461
11485
11523
11615
11662
11667
11759
11765
11784
11810
11820
11889
12132
12188
12200
12518
12534
12538
12656
12762
12774
12824
12884
12893
12914
12985
12987
13024
13041
13058
13070
13150
13212
13266
13274
13287
13365
13385
13393
13403
13440
13510
13516
13518
13530
13552
13554
13649
13680
13695
13806
13854
13859
13905
14041
14084
14085
14187
14294
14369
14375
14413
14418
14424
14442
14461
14519
14658
14681
14684
14697
14724
14725
14726
14777
14810
14824
14893
14949
14959
15074
15084
15096
15097
15279
15335
15351
15375
15401
15465
15500
15571
15584
15596
15609
15634
15741
15741
15837
15848
15865
16040
16051
16074
16094
16142
16178
16186
16195
16247
16425
16515
16567
16602
16689
16736
16748
16778
16902
16930
16981
17001
17060
17092
17136
17137
17173
17464
17497
17518
17549
17563
17594
17661
17754
17846
17894
17902
17914
17946
17996
17999
18018
18035
18153
18182
18186
18203
18216
18254
18268
18271
18275
18308
18329
18392
18395
18421
18431
18461
18540
18544
18552
18603
18614
18663
18667
18673
18728
18788
18866
18872
18932
18982
19116
19129
19180
19223
19578
19596
19608
19702
19726
19761
19796
19820
19854
19899
19925
19982
20018
20041
20068
20075
20103
20163
20283
20423
20595
20606
20686
20716
20774
21013
21106
21116
21160
21181
21186
21215
21403
21404
21431
21526
21631
21637
21692
21746
21754
21765
21828
21920
21928
21975
21984
21996
22009
22026
22063
22066
22146
22327
22462
22494
22511
22526
22603
22662
22853
22876
22940
22957
22996
23012
23027
23130
23184
23273
23548
23557
23719
23734
23841
23883
23895
23977
24107
24137
24169
24194
24299
24318
24358
24369
24583
24700
24733
24780
24898
25083
25217
25323
25410
25543
25547
25552
25596
25610
25646
25657
25704
25714
25720
25747
25764
25766
25864
25959
26023
26038
26239
26250
26378
26416
26474
26593
26646
26738
26756
26948
26975
26996
27049
27062
27096
27210
27417
27434
27439
27453
27491
27500
27508
27533
27585
27652
27673
27675
27686
27755
27757
27829
27900
27937
27993
27994
28007
28097
28110
28181
28204
28244
28246
28254
28258
28391
28412
28494
28556
28585
28595
28604
28659
28707
28751
28820
28898
28915
28921
28925
28972
28982
28991
29019
29156
29157
29234
29239
29275
29346
29354
29365
29579
29596
29666
29672
29993
30013
30096
30130
30156
30228
30229
30240
30335
30437
30445
30535
30563
30775
30828
30837
30871
30985
31065
31119
31160
31266
31274
31289
31305
31311
31312
31463
31642
31709
31741
31782
31789
31847
31877
31957
31981
32004
32043
32240
32258
32304
32314
32335
32481
32582
32610
32624
32643
32722
32820
32864
32877
32915
33009
33033
33079
33111
33171
33299
33356
33367
33427
33582
33698
33713
33719
33743
33744
33773
33783
33786
33802
33807
33894
33923
33988
34044
34082
34119
34135
34149
34149
34234
34322
34342
34354
34355
34377
34393
34438
34464
34508
34608
34658
34705
34760
34787
34789
34807
34844
34850
34864
35049
35057
35121
35147
35239
35296
35325
35369
35398
35424
35692
35776
35786
35855
35963
35964
35988
35998
36005
36006
36016
36088
36119
36120
36169
36176
36252
36298
36342
36382
36503
36551
36563
36691
36722
36814
36831
36913
36950
36995
37082
37090
37103
37120
37163
37226
37244
37270
37284
37289
37451
37549
37610
37677
37685
37714
37834
37862
37895
37916
37925
37982
38009
38073
38079
38099
38223
38290
38326
38336
38385
38425
38465
38507
38615
38661
38678
38686
38687
38733
38735
38764
38776
38893
38908
39025
39049
39057
39089
39120
39136
39212
39273
39331
39335
39352
39413
39614
39779
39793
39833
39895
39925
39941
39982
40040
40144
40147
40221
40244
40292
40402
40448
40456
40462
40468
40502
40504
40517
40547
40618
40641
40659
40721
40753
40764
40853
40862
40940
40996
41008
41087
41163
41205
41238
41239
41259
41275
41300
41335
41418
41431
41540
41563
41735
41791
42046
42055
42083
42106
42164
42182
42185
42244
42257
42284
42298
42399
42454
42471
42511
42526
42659
42675
42723
42737
42786
42850
42940
42997
43043
43158
43163
43262
43322
43370
43435
43494
43751
43825
43831
43988
43998
44093
44149
44223
44238
44288
44292
44416
44506
44610
44622
44639
44673
44790
44793
44825
44833
44930
44983
45089
45150
45202
45246
45253
45346
45419
45557
45560
45563
45585
45685
45694
45703
45763
45805
46009
46027
46109
46222
46317
46336
46388
46425
46432
46438
46469
46658
46665
46799
46860
46870
46880
46882
46909
46925
47007
47011
47089
47144
47185
47189
47374
47411
47540
47550
47561
47586
47660
47698
47715
47730
47800
47802
47831
47869
47961
48010
48035
48079
48079
48080
48230
48257
48281
48394
48473
48519
48538
48590
48594
48610
48618
48619
48635
48641
48715
48772
48862
48866
48898
48938
48967
49002
49024
49095
49148
49159
49273
49312
49325
49351
49435
49461
49469
49521
49749
49816
49853
49992
50083
50119
50187
50241
50262
50287
50332
50408
50569
50618
50628
50632
50663
50666
50688
50792
50825
50874
50919
51148
51161
51245
51511
51536
51541
51541
51718
51941
51991
51996
52028
52068
52220
52298
52302
52306
52545
52564
52658
52768
52829
52904
53014
53034
53044
53115
53147
53193
53210
53439
53440
53530
53607
53619
53634
53636
53648
53663
53693
53694
53734
53817
53955
53992
53999
54008
54036
54061
54076
54146
54167
54232
54257
54264
54265
54287
54312
54325
54328
54395
54408
54411
54436
54594
54680
54698
54728
54748
54757
54798
54817
54828
54890
54939
55127
55131
55133
55153
55216
55272
55361
55454
55455
55484
55573
55582
55670
55713
55898
55987
56004
56049
56063
56068
56165
56165
56209
56338
56425
56433
56480
56517
56537
56666
56680
56707
56747
56890
56970
56976
56987
57040
57040
57052
57091
57160
57187
57201
57221
57257
57272
57280
57307
57332
57333
57370
57392
57392
57472
57528
57571
57618
57643
57679
57764
57793
57836
57950
58008
58062
58070
58107
58266
58290
58554
58626
58633
58688
58716
58750
58810
58836
58965
59001
59059
59083
59195
59288
59295
59330
59374
59392
59406
59436
59454
59469
59498
59593
59657
59670
59671
59800
59805
59822
59857
59864
59962
60047
60058
60093
60178
60191
60310
60684
60820
60999
61021
61116
61146
61149
61277
61292
61319
61352
61467
61473
61489
61596
61615
61643
61870
61938
61992
62068
62088
62102
62199
62232
62322
62329
62331
62344
62354
62386
62415
62448
62487
62487
62571
62664
62714
62777
62803
62803
62857
62888
62906
62932
62976
63002
63007
63111
63170
63184
63224
63258
63320
63320
63423
63467
63485
63489
63493
63500
63515
63546
63582
63633
63639
63653
63655
63749
63797
63800
63820
63870
63873
64091
64123
64245
64308
64336
64366
64380
64395
64431
64513
64519
64561
64581
64584
64596
64793
64800
64907
65052
65096
65116
65121
65138
65203
65210
65219
65261
65297
65368
65609
65618
65638
65640
65683
65719
65756
65900
65918
65959
66034
66071
66082
66174
66288
66293
66327
66338
66346
66426
66453
66474
66476
66512
66529
66562
66620
66637
66642
66690
66705
66716
66824
66944
66974
67002
67170
67228
67232
67235
67236
67265
67450
67482
67493
67513
67534
67641
67650
67802
67815
67887
67973
67982
68025
68094
68113
68132
68138
68194
68195
68309
68347
68402
68640
68749
68839
68938
68968
68974
69105
69139
69177
69254
69262
69341
69438
69557
69562
69624
69667
69735
69782
69823
69922
69973
70093
70159
70202
70288
70331
70502
70544
70582
70598
70704
70713
70725
70756
70788
70800
70835
70917
70933
70965
71021
71053
71054
71145
71156
71165
71204
71291
71325
71369
71370
71440
71498
71501
71571
71585
71604
71677
71714
71726
71811
71849
71859
71951
72017
72036
72107
72125
72174
72253
72275
72385
72397
72412
72424
72507
72594
72607
72730
72818
72852
72986
73080
73168
73170
73191
73267
73373
73376
73441
73475
73479
73546
73586
73591
73614
73615
73635
73730
73818
73819
73904
73944
73957
73984
74089
74130
74195
74203
74248
74285
74313
74339
74371
74380
74383
74386
74408
74427
74500
74507
74554
74666
74700
74705
74810
74827
74836
74866
75121
75262
75363
75441
75506
75527
75717
75743
75790
75830
75932
75958
75960
75961
76097
76129
76172
76184
76187
76210
76211
76297
76301
76350
76448
76467
76500
76529
76706
76713
76721
76752
76853
76854
76913
76968
76982
76996
77001
77127
77158
77208
77234
77263
77273
77396
77411
77475
77510
77541
77670
77696
77788
77921
77924
77963
77984
78004
78042
78123
78157
78280
78282
78313
78345
78365
78510
78536
78547
78588
78680
78803
78815
78882
78983
79016
79031
79050
79083
79110
79283
79338
79353
79388
79419
79421
79488
79489
79529
79531
79583
79598
79624
79670
79810
79884
79941
79998
80074
80180
80184
80225
80254
80298
80309
80339
80375
80455
80465
80540
80703
80716
80851
80885
80905
80983
80987
81081
81088
81176
81219
81442
81467
81485
81504
81526
81559
81573
81590
81630
81731
81769
81775
81784
81819
81827
81865
81907
82040
82056
82188
82219
82223
82225
82345
82408
82410
82412
82437
82465
82482
82509
82515
82531
82553
82648
82673
82695
82745
82779
82809
82874
82972
83004
83016
83075
83201
83239
83355
83383
83413
83456
83458
83526
83548
83552
83613
83721
83849
83870
83894
83904
83954
83976
84029
84129
84129
84184
84258
84396
84456
84504
84572
84578
84639
84677
84726
84828
84846
84850
84870
84985
84991
85038
85055
85102
85236
85311
85314
85384
85385
85540
85568
85576
85600
85659
85674
85781
85792
85808
85826
85915
85917
85917
85920
86068
86211
86336
86341
86344
86378
86543
86591
86633
86663
86667
86785
86794
86799
86977
86997
87009
87011
87026
87034
87045
87075
87126
87127
87133
87144
87228
87344
87413
87438
87444
87445
87469
87493
87601
87646
87663
87725
87755
87762
87813
87868
87880
87914
87920
87934
87970
88060
88113
88172
88194
88295
88394
88479
88751
88814
88833
89145
89223
89552
89596
89652
89661
89688
89720
89947
89952
90115
90120
90139
90159
90260
90277
90279
90484
90584
90590
90598
90604
90673
90680
90693
90860
90877
90880
90891
90912
90917
91011
91055
91082
91108
91123
91134
91204
91220
91228
91306
91427
91453
91459
91461
91519
91563
91583
91586
91600
91626
91641
91754
91758
91762
91807
91816
91821
91900
91919
91928
91967
92152
92185
92238
92259
92260
92262
92274
92302
92344
92521
92529
92722
92749
92799
92874
92893
92915
93061
93215
93239
93282
93384
93396
93411
93451
93513
93557
93569
93627
93636
93656
93698
93705
93768
93786
93831
93873
93925
93943
93982
94056
94073
94212
94301
94443
94457
94499
94535
94621
94649
94653
94684
94689
94818
94834
94891
94928
94938
94958
95032
95049
95059
95098
95212
95227
95227
95271
95302
95347
95356
95473
95670
95752
95840
95861
95924
95946
95985
96001
96021
96059
96099
96139
96234
96279
96282
96358
96359
96394
96471
96618
96622
96652
96706
96723
96733
96890
96937
97017
97040
97054
97056
97085
97105
97172
97188
97247
97315
97373
97397
97397
97497
97586
97693
97699
97784
97818
97880
97880
97881
97978
98008
98016
98060
98066
98073
98107
98131
98149
98153
98183
98192
98287
98332
98371
98380
98498
98556
98565
98749
98824
98861
98869
98893
98940
98951
99144
99214
99268
99303
99307
99321
99331
99333
99372
99373
99479
99551
99564
99613
99647
99664
99668
99686
99694
99700
99719
99724
99809
99869
99927
